0	0	0	10
1	3.33200093731253E-13	1	9.99999999999933,
2	5.77234868776352E-13	2	9.99999999999885,
3	2.88617434388176E-13	3	9.99999999999942,
4	2.88617438688911E-13	4	9.99999999999942,
5	2.88646296131598E-09	5	9.99999999422707,
6	3.17482063818059E-08	6	9.99999993650359,
7	3.20365633272963E-07	7	9.99999935926873,
8	1.97604497832938E-06	8	9.99999604791004,
9	6.63420437616747E-06	9	9.99998673159125,
10	1.91714171692004E-05	10	9.99996165716566,
11	5.36267777411705E-05	11	9.99989274644452,
12	0.000149860591239476	12	9.99970027881752,
13	0.000423103277991186	13	9.99915379344402,
14	0.00122831045272481	14	9.99754337909455,
15	0.00511112870984612	15	9.98977774258031,
16	0.00511112963324285	16	9.98977774073351,
17	0.00899093118449411	17	9.98201813763101,
18	0.0153793281844107	18	9.96924134363118,
19	0.02175955358098	19	9.95648089283804,
20	0.0281316124573182	20	9.94373677508536,
21	0.0408931612366553	21	9.91821367752669,
22	0.0702052967312987	22	9.8595894065374,
23	0.121207299802488	23	9.75758540039502,
24	0.20965624171138	24	9.58068751657724,
25	0.20965571383607	25	9.58068857232786,
26	0.296501723301207	26	9.40699655339759,
27	0.296500588197582	27	9.40699882360484,
28	0.381772070016773	28	9.23645585996645,
29	0.465496187522999	29	9.069007624954,
30	0.547702782834784	30	8.90459443433043,
31	0.695404652074546	31	8.60919069585091,
32	0.695405237495156	32	8.60918952500969,
33	0.838206776794163	33	8.32358644641167,
34	1.04672387136291	34	7.90655225727419,
35	1.04672707762504	35	7.90654584474991,
36	1.24479271223412	36	7.51041457553175,
37	1.24479946414718	37	7.51040107170563,
38	1.43294016276044	38	7.13411967447911,
39	1.6116654731773	39	6.77666905364539,
40	1.78143405368907	40	6.43713189262186,
41	2.05309497657624	41	5.89381004684753,
42	2.05308971218284	42	5.89382057563433,
43	2.30182814679261	43	5.39634370641478,
44	2.30181567763191	44	5.39636864473618,
45	2.52956231667293	45	4.94087536665414,
46	2.73806644433322	46	4.52386711133355,
47	2.92897806162345	47	4.1420438767531,
48	3.10377590746994	48	3.79244818506013,
49	3.47881398745263	49	3.04237202509474,
50	3.47879746670945	50	3.04240506658109,
0	3.77976725470399	0	2.44046549059203,
1	3.77961220778793	1	2.44077558442415,
2	3.67185124459483	2	2.65629751081035,
3	3.67181688704292	3	2.65636622591415,
4	3.84036746504966	4	2.31926506990068,
5	3.84034847138587	5	2.31930305722825,
6	3.98749886583016	6	2.02500226833968,
7	4.11597298215066	7	1.76805403569867,
8	4.22815280509441	8	1.54369438981118,
9	4.32609032570106	9	1.34781934859788,
0	4.41159975096878	0	1.17680049806245,
1	4.48625786364711	1	1.02748427270578,
2	4.55144519995671	2	0.897109600086576,
3	4.60836173616458	3	0.783276527670832,
4	4.65805628190817	4	0.683887436183664,
5	4.70144439754902	5	0.597111204901955,
6	4.73932687973916	6	0.521346240521671,
7	4.77240270193293	7	0.455194596134143,
0	4.80128193529006	0	0.397436129419884,
1	4.82649683828582	1	0.347006323428369,
2	4.84851220699117	2	0.302975586017661,
3	4.86773400022231	3	0.264531999555379,
4	4.88451678374272	4	0.230966432514562,
5	4.89917009464246	5	0.201659810715089,
6	4.91794594310987	6	0.164108113780257,
7	4.91794601639298	7	0.164107967214047,
0	4.93322908709688	0	0.133541825806237,
1	4.9332204211544	1	0.133559157691202,
2	4.94566523942297	2	0.108669521154052,
3	4.95578129032027	3	0.0884374193594617,
4	4.96401128353591	4	0.0719774329281844,
5	4.97071034541469	5	0.0585793091706162,
0	4.97616423692164	0	0.04767152615673,
1	4.98060294741865	1	0.0387941051626939,
2	4.98421430907968	2	0.0315713818406334,
3	4.98715282608853	3	0.0256943478229417,
4	4.98954456325467	4	0.0209108734906547,
0	4.99149138391709	0	0.0170172321658217,
1	4.99307572418818	1	0.0138485516236351,
2	4.99436487655115	2	0.0112702468977073,
3	4.99588619639334	3	0.00822760721331406,
0	4.99699939949984	0	0.0060012010003252,
1	4.99781223343603	1	0.00437553312793426,
2	4.99780315580753	2	0.0043936883849458,
3	4.99840221011284	3	0.00319557977432083,
0	4.99883082926411	0	0.00233834147177525,
1	4.99914484040677	1	0.00171031918646136,
2	4.99946966308949	2	0.00106067382102992,
0	4.99967943794936	0	0.00064112410128736,
1	4.99966384706198	1	0.000672305876040724,
2	4.99980830223598	2	0.000383395528034569,
0	4.99987939063085	0	0.00024121873829408,
1	4.99991939308634	1	0.000161213827322371,
0	4.9999476392546	0	0.000104721490805204,
1	4.99998467353077	1	3.06529384666021E-05,
2	4.99997433104167	2	5.13379166680039E-05,
0	5.00002607087301	0	-5.21417460248585E-05,
1	4.99998246349755	1	3.50730049092363E-05,
0	5.00004293722241	0	-8.58744448155591E-05,
1	5.00002245833393	1	-4.4916667862438E-05,
0	4.99999613979344	0	7.72041311947191E-06,
0	4.99997720858269	0	4.55828346179743E-05,
1	5.00000277280417	1	-5.54560834942208E-06,
0	4.99997161929885	0	5.67614023019303E-05,
1	5.00000371152062	1	-7.42304123413362E-06,
0	4.99998586611049	0	2.8267779020652E-05,
0	5.00000010165136	0	-2.03302720436227E-07,
